% This script is used to collects the experimental data:
% including the physical size measurement data and
% the pixel size data computed from image processing and rectangle fitting.
% Then the linear regression of physical and pixel sizes by OLS and BCES 
% estimator are finished. The results are ploted to figure.


pL_size1_ld=[608.989481510861,609.991186192016,610.445209788948,609.717093489501,608.543421310076,606.231064532507,605.625985002995,604.411686133172,556.710828986395,603.034613471087,602.942591127915,635.094158867643,604.190390912239,606.008650377133,607.712248626567,608.011859064700,608.632415426849,608.508262766407,607.734514823057,606.651651176838,604.943473238927,603.894777232005,603.062085961006,602.526009206487,432.076983907134,603.531049202658,602.661808601973,603.453801460813,605.524716936752,606.645062238493];
pW_size1_ld=[430.376255331990,430.348022210211,429.906355111567,429.360155081280,429.442607422875,430.581033586305,431.296866000772,431.854493041621,433.305155940187,380.548935057839,432.126413771736,432.285583813700,432.169309411919,432.674745118468,432.423910970480,430.757199422352,430.189367965008,429.706192649972,429.349166941461,429.653431205108,430.466816763941,431.190132621142,431.459919762629,431.736268678824,357.605728003557,431.981541938436,430.256119018655,430.538905856046,430.379398389442,430.216768033974];

pL_size1_mid = [601.325325620472,600.643447385018,600.066357250641,600.417041450568,542.161434323621,600.949415954463,601.528262836254,601.776387248984,601.962978590868,634.573476530959,603.041314421620,603.318127671677,601.171854841470,601.177975932258,600.942559452941,600.767477276317,600.580963808287,600.570140917420,600.908767544103,601.617719600587,601.934752296290,602.073521614477,602.074712976072,602.294159229379,601.725204958722,601.553608820781,601.452504446043,644.952440216280,600.947930033780,529.352602264447];
pW_size1_mid = [429.793715417774,429.298458565095,453.646881984795,428.800022022818,488.004881373963,429.234089651856,429.580394826419,429.456699930773,428.933989363199,428.926366085206,428.920488569477,429.136009769257,429.526644064644,429.692142020810,429.573513495335,429.094173775100,428.756735754810,454.690028511033,428.603191195699,428.787396390682,429.236077556937,429.578171222344,429.522292617939,429.454908114595,428.930284642489,428.807690846678,428.410797565434,428.819333050937,429.041189388210,429.582267176626];

pL_size1_ru=[602.531241261394,603.604581251606,505.516842891693,649.744458350585,604.688826221290,604.869567674851,604.629265367591,603.253470794085,602.288000051104,601.612817902349,661.313974988059,652.540422968758,601.107800723576,550.087971377904,602.684628954456,604.492624363666,604.629275811446,605.383188398321,645.504670956357,604.222669764707,603.182869303285,601.696776670338,601.289095475036,601.478979896098,669.469495321315,603.295442568498,604.296516556080,549.951743414312,605.174617251942,605.025765287704];
pW_size1_ru=[430.403801459444,429.785625169145,429.311803806691,380.287294820980,428.910619810330,460.776396157239,430.141645659645,430.192177297983,429.961823965346,430.125170138593,430.110279121687,429.988363824571,429.531169736974,429.919646278171,429.917666224165,429.441434168231,429.254458257492,429.369494547805,429.617019557974,430.541630304322,430.925429934098,429.930968678176,429.936306183800,364.175080353632,361.447838082427,430.741497900554,430.174132149158,429.335498235668,428.981630056307,429.341218459358];

pL_size2_ld=[972.069221458483,974.775668594074,974.291822076501,975.304667873691,697.241640238692,972.919288726609,970.886711432941,970.890979756581,968.964665657142,890.346754362660,966.874002998103,968.178810709651,968.902753620744,956.166701928484,969.438322600857,971.566641115353,975.317037433811,973.158693550588,975.202686622265,972.720050272271,971.082355094372,881.852826546755,969.075736753420,970.031049486393,969.135813957104,968.889987407579,969.519610635684,971.637679969230,878.583703198115,973.482321520484];
pW_size2_ld=[243.186613614187,243.024323380736,242.684804517042,242.639909761646,220.724892247411,242.303113147298,242.744977868560,243.501078447624,243.544106647035,233.736591239440,242.660323720033,242.605716612839,242.693467887952,241.752454908381,243.178387307083,243.120195478746,243.040371452975,242.492484420360,242.358242294502,242.486583957943,242.572654115846,243.021177942319,243.680472966244,243.740230205939,243.564563894615,243.106594324902,6.68266174218212e-07,243.142730430947,243.510671430292,243.541317200732];

pL_size2_mid = [969.096122074223,969.304551743954,969.013733674871,969.046823079487,969.461952141896,969.662886157260,969.889220409080,970.186851260232,970.605508435433,880.905783218845,971.961369501210,971.740088961552,969.698393764228,971.528073159042,969.420646370421,966.531408768448,966.283070146410,966.446072455088,966.715135177582,966.378061576397,966.025090063652,879.810435605861,966.285289341553,969.044050149990,968.646548592060,968.496540242859,968.429770043357,968.145675888304,967.051090007931,966.199573277429];
pW_size2_mid = [243.475487840354,243.211135061545,132.214965819867,242.732311130193,242.506235067600,242.179957933387,242.198747438302,242.388533658584,242.627503058561,243.013994396540,243.334074035900,243.240976159279,242.569418447141,242.114352276806,115.490327900544,242.338535992538,242.747208952525,243.018952396206,242.764975577860,243.184331241581,242.631816722761,242.456599025262,242.172548440138,242.266687039721,242.417342052474,242.816047473912,243.217413259972,243.031106145124,242.248415364880,3.50672042776916e-06];

pL_size2_ru=[905.994041944210,923.878659908909,466.203485573252,857.010713387939,928.900496231270,965.757031039843,965.807900747082,463.786990018305,1181.17034589554,958.695652935197,688.088536117580,894.044006930954,806.482686953026,968.344409476535,948.471240467232,562.823475808417,3.17983074244573e-05,971.257259252765,972.719857396694,972.637709163179,970.402729618972,816.473957638412,973.962250263963,973.334430714071,974.773553711342,972.547604681352,971.568972161154,971.261781012480,971.174185911327,969.667232860273];
pW_size2_ru=[6.09954177702318e-07,238.648108300686,4.36219866857437e-05,242.535654131526,5.00774578683468e-07,1.49483459990941e-05,241.375609170844,5.81735305019681e-06,223.160663880992,241.795448053474,3.70018252819516e-07,237.154396950266,5.13542757293744e-06,133.921373109687,240.797430609973,239.598988472393,3.93122012809958e-06,243.101252113472,242.483981799903,242.304348507807,242.093663723076,241.574573230609,242.736215698821,243.007883631053,126.860558730335,177.050688769932,242.788915525448,242.776317746864,8.95027555584542e-07,243.620291559466];

pL_size3_ld=[1126.78979323643,1127.88929963587,1126.42000886168,1127.88676008496,1048.05082428323,1129.40748953854,1127.00175074802,1125.46396902774,1125.04087239705,1126.11796172579,1125.59398878490,1048.87643731758,1127.15440973902,1127.34179078505,1126.65531322879,932.728090078951,1128.26551992847,1127.64971729541,1127.42725720297,1127.01390667128,1124.97911725528,1125.07157153379,1124.26283935232,1123.31755885285,1123.41919398661,1151.75487592540,1124.54414530315,1126.07864275094,1127.27416276506,1126.12804753408];
pW_size3_ld=[368.648068743167,368.803598194029,368.119128007213,367.710091418704,367.735925660076,368.107837863383,321.354584450438,369.755902845645,370.219344147016,370.366315707122,369.911312324009,369.209169746150,368.662178543406,368.453625367035,368.376287139099,367.057700782417,368.020926273056,417.851455780328,367.729193400971,367.719393509317,318.493508852645,368.157311495739,368.314617805903,320.865115300130,368.813707594184,329.129606322072,368.339524984942,368.372114294221,369.057070583629,311.988162673912];

